NACA 0012
     1.000000    0.000000
     0.998825    0.000166
     0.996688    0.000468
     0.993938    0.000855
     0.990701    0.001309
     0.987052    0.001819
     0.983043    0.002376
     0.978711    0.002975
     0.974086    0.003611
     0.969195    0.004280
     0.964056    0.004979
     0.958688    0.005704
     0.953107    0.006454
     0.947326    0.007225
     0.941357    0.008015
     0.935212    0.008823
     0.928901    0.009647
     0.922433    0.010485
     0.915817    0.011335
     0.909061    0.012198
     0.902171    0.013070
     0.895156    0.013951
     0.888021    0.014839
     0.880773    0.015735
     0.873418    0.016636
     0.865961    0.017542
     0.858407    0.018451
     0.850762    0.019364
     0.843030    0.020279
     0.835217    0.021195
     0.827325    0.022112
     0.819360    0.023029
     0.811326    0.023946
     0.803226    0.024861
     0.795065    0.025774
     0.786845    0.026685
     0.778572    0.027593
     0.770247    0.028497
     0.761875    0.029397
     0.753458    0.030293
     0.745001    0.031183
     0.736505    0.032068
     0.727973    0.032946
     0.719410    0.033818
     0.710817    0.034683
     0.702198    0.035540
     0.693554    0.036389
     0.684889    0.037230
     0.676206    0.038062
     0.667506    0.038885
     0.658792    0.039697
     0.650067    0.040500
     0.641333    0.041292
     0.632592    0.042073
     0.623847    0.042842
     0.615100    0.043599
     0.606352    0.044344
     0.597607    0.045077
     0.588866    0.045796
     0.580132    0.046502
     0.571405    0.047193
     0.562689    0.047870
     0.553986    0.048533
     0.545297    0.049180
     0.536624    0.049811
     0.527969    0.050427
     0.519334    0.051026
     0.510721    0.051608
     0.502131    0.052173
     0.493567    0.052720
     0.485030    0.053249
     0.476521    0.053760
     0.468043    0.054252
     0.459598    0.054725
     0.451186    0.055178
     0.442810    0.055611
     0.434471    0.056024
     0.426171    0.056417
     0.417911    0.056788
     0.409693    0.057139
     0.401518    0.057467
     0.393388    0.057774
     0.385305    0.058058
     0.377270    0.058320
     0.369284    0.058559
     0.361349    0.058775
     0.353467    0.058968
     0.345638    0.059136
     0.337864    0.059281
     0.330147    0.059402
     0.322488    0.059499
     0.314888    0.059570
     0.307349    0.059617
     0.299872    0.059639
     0.292459    0.059636
     0.285110    0.059608
     0.277827    0.059554
     0.270611    0.059475
     0.263464    0.059370
     0.256387    0.059239
     0.249381    0.059082
     0.242448    0.058900
     0.235588    0.058691
     0.228802    0.058457
     0.222093    0.058196
     0.215461    0.057910
     0.208908    0.057597
     0.202435    0.057259
     0.196042    0.056894
     0.189731    0.056504
     0.183503    0.056088
     0.177360    0.055646
     0.171302    0.055178
     0.165331    0.054685
     0.159448    0.054167
     0.153654    0.053623
     0.147949    0.053054
     0.142336    0.052461
     0.136815    0.051842
     0.131387    0.051200
     0.126053    0.050533
     0.120815    0.049841
     0.115674    0.049127
     0.110630    0.048388
     0.105684    0.047626
     0.100839    0.046842
     0.096094    0.046034
     0.091450    0.045204
     0.086910    0.044352
     0.082473    0.043478
     0.078141    0.042582
     0.073915    0.041665
     0.069796    0.040727
     0.065784    0.039768
     0.061881    0.038790
     0.058089    0.037791
     0.054406    0.036772
     0.050836    0.035734
     0.047378    0.034678
     0.044034    0.033602
     0.040804    0.032508
     0.037690    0.031397
     0.034693    0.030267
     0.031813    0.029120
     0.029051    0.027956
     0.026409    0.026775
     0.023886    0.025578
     0.021485    0.024364
     0.019206    0.023135
     0.017050    0.021890
     0.015018    0.020629
     0.013111    0.019354
     0.011329    0.018063
     0.009674    0.016758
     0.008146    0.015438
     0.006746    0.014104
     0.005476    0.012755
     0.004336    0.011393
     0.003327    0.010017
     0.002449    0.008626
     0.001704    0.007222
     0.001093    0.005805
     0.000616    0.004374
     0.000274    0.002930
     0.000069    0.001472
     0.000000    0.000000
     0.000069   -0.001472
     0.000274   -0.002930
     0.000616   -0.004374
     0.001093   -0.005805
     0.001704   -0.007222
     0.002449   -0.008626
     0.003327   -0.010017
     0.004336   -0.011393
     0.005476   -0.012755
     0.006746   -0.014104
     0.008146   -0.015438
     0.009674   -0.016758
     0.011329   -0.018063
     0.013111   -0.019354
     0.015018   -0.020629
     0.017050   -0.021890
     0.019206   -0.023135
     0.021485   -0.024364
     0.023886   -0.025578
     0.026409   -0.026775
     0.029051   -0.027956
     0.031813   -0.029120
     0.034693   -0.030267
     0.037690   -0.031397
     0.040804   -0.032508
     0.044034   -0.033602
     0.047378   -0.034678
     0.050836   -0.035734
     0.054406   -0.036772
     0.058089   -0.037791
     0.061881   -0.038790
     0.065784   -0.039768
     0.069796   -0.040727
     0.073915   -0.041665
     0.078141   -0.042582
     0.082473   -0.043478
     0.086910   -0.044352
     0.091450   -0.045204
     0.096094   -0.046034
     0.100839   -0.046842
     0.105684   -0.047626
     0.110630   -0.048388
     0.115674   -0.049127
     0.120815   -0.049841
     0.126053   -0.050533
     0.131387   -0.051200
     0.136815   -0.051842
     0.142336   -0.052461
     0.147949   -0.053054
     0.153654   -0.053623
     0.159448   -0.054167
     0.165331   -0.054685
     0.171302   -0.055178
     0.177360   -0.055646
     0.183503   -0.056088
     0.189731   -0.056504
     0.196042   -0.056894
     0.202435   -0.057259
     0.208908   -0.057597
     0.215461   -0.057910
     0.222093   -0.058196
     0.228802   -0.058457
     0.235588   -0.058691
     0.242448   -0.058900
     0.249381   -0.059082
     0.256387   -0.059239
     0.263464   -0.059370
     0.270611   -0.059475
     0.277827   -0.059554
     0.285110   -0.059608
     0.292459   -0.059636
     0.299872   -0.059639
     0.307349   -0.059617
     0.314888   -0.059570
     0.322488   -0.059499
     0.330147   -0.059402
     0.337864   -0.059281
     0.345638   -0.059136
     0.353467   -0.058968
     0.361349   -0.058775
     0.369284   -0.058559
     0.377270   -0.058320
     0.385305   -0.058058
     0.393388   -0.057774
     0.401518   -0.057467
     0.409693   -0.057139
     0.417911   -0.056788
     0.426171   -0.056417
     0.434471   -0.056024
     0.442810   -0.055611
     0.451186   -0.055178
     0.459598   -0.054725
     0.468043   -0.054252
     0.476521   -0.053760
     0.485030   -0.053249
     0.493567   -0.052720
     0.502131   -0.052173
     0.510721   -0.051608
     0.519334   -0.051026
     0.527969   -0.050427
     0.536624   -0.049811
     0.545297   -0.049180
     0.553986   -0.048533
     0.562689   -0.047870
     0.571405   -0.047193
     0.580132   -0.046502
     0.588866   -0.045796
     0.597607   -0.045077
     0.606352   -0.044344
     0.615100   -0.043599
     0.623847   -0.042842
     0.632592   -0.042073
     0.641333   -0.041292
     0.650067   -0.040500
     0.658792   -0.039697
     0.667506   -0.038885
     0.676206   -0.038062
     0.684889   -0.037230
     0.693554   -0.036389
     0.702198   -0.035540
     0.710817   -0.034683
     0.719410   -0.033818
     0.727973   -0.032946
     0.736505   -0.032068
     0.745001   -0.031183
     0.753458   -0.030293
     0.761875   -0.029397
     0.770247   -0.028497
     0.778572   -0.027593
     0.786845   -0.026685
     0.795065   -0.025774
     0.803226   -0.024861
     0.811326   -0.023946
     0.819360   -0.023029
     0.827325   -0.022112
     0.835217   -0.021195
     0.843030   -0.020279
     0.850762   -0.019364
     0.858407   -0.018451
     0.865961   -0.017542
     0.873418   -0.016636
     0.880773   -0.015735
     0.888021   -0.014839
     0.895156   -0.013951
     0.902171   -0.013070
     0.909061   -0.012198
     0.915817   -0.011335
     0.922433   -0.010485
     0.928901   -0.009647
     0.935212   -0.008823
     0.941357   -0.008015
     0.947326   -0.007225
     0.953107   -0.006454
     0.958688   -0.005704
     0.964056   -0.004979
     0.969195   -0.004280
     0.974086   -0.003611
     0.978711   -0.002975
     0.983043   -0.002376
     0.987052   -0.001819
     0.990701   -0.001309
     0.993938   -0.000855
     0.996688   -0.000468
     0.998825   -0.000166
     1.000000    0.000000
