NACA 0005
     1.000000    0.000000
     0.998825    0.000069
     0.996688    0.000195
     0.993938    0.000356
     0.990701    0.000545
     0.987052    0.000758
     0.983043    0.000990
     0.978711    0.001240
     0.974086    0.001505
     0.969195    0.001784
     0.964056    0.002075
     0.958688    0.002377
     0.953107    0.002689
     0.947326    0.003010
     0.941357    0.003340
     0.935212    0.003676
     0.928901    0.004019
     0.922433    0.004369
     0.915817    0.004723
     0.909061    0.005082
     0.902171    0.005446
     0.895156    0.005813
     0.888021    0.006183
     0.880773    0.006556
     0.873418    0.006932
     0.865961    0.007309
     0.858407    0.007688
     0.850762    0.008068
     0.843030    0.008450
     0.835217    0.008831
     0.827325    0.009213
     0.819360    0.009596
     0.811326    0.009977
     0.803226    0.010359
     0.795065    0.010739
     0.786845    0.011119
     0.778572    0.011497
     0.770247    0.011874
     0.761875    0.012249
     0.753458    0.012622
     0.745001    0.012993
     0.736505    0.013362
     0.727973    0.013728
     0.719410    0.014091
     0.710817    0.014451
     0.702198    0.014808
     0.693554    0.015162
     0.684889    0.015513
     0.676206    0.015859
     0.667506    0.016202
     0.658792    0.016541
     0.650067    0.016875
     0.641333    0.017205
     0.632592    0.017530
     0.623847    0.017851
     0.615100    0.018166
     0.606352    0.018477
     0.597607    0.018782
     0.588866    0.019082
     0.580132    0.019376
     0.571405    0.019664
     0.562689    0.019946
     0.553986    0.020222
     0.545297    0.020492
     0.536624    0.020755
     0.527969    0.021011
     0.519334    0.021261
     0.510721    0.021503
     0.502131    0.021739
     0.493567    0.021967
     0.485030    0.022187
     0.476521    0.022400
     0.468043    0.022605
     0.459598    0.022802
     0.451186    0.022991
     0.442810    0.023171
     0.434471    0.023343
     0.426171    0.023507
     0.417911    0.023662
     0.409693    0.023808
     0.401518    0.023945
     0.393388    0.024072
     0.385305    0.024191
     0.377270    0.024300
     0.369284    0.024400
     0.361349    0.024490
     0.353467    0.024570
     0.345638    0.024640
     0.337864    0.024701
     0.330147    0.024751
     0.322488    0.024791
     0.314888    0.024821
     0.307349    0.024841
     0.299872    0.024850
     0.292459    0.024848
     0.285110    0.024837
     0.277827    0.024814
     0.270611    0.024781
     0.263464    0.024737
     0.256387    0.024683
     0.249381    0.024618
     0.242448    0.024542
     0.235588    0.024455
     0.228802    0.024357
     0.222093    0.024248
     0.215461    0.024129
     0.208908    0.023999
     0.202435    0.023858
     0.196042    0.023706
     0.189731    0.023543
     0.183503    0.023370
     0.177360    0.023186
     0.171302    0.022991
     0.165331    0.022785
     0.159448    0.022569
     0.153654    0.022343
     0.147949    0.022106
     0.142336    0.021859
     0.136815    0.021601
     0.131387    0.021333
     0.126053    0.021055
     0.120815    0.020767
     0.115674    0.020469
     0.110630    0.020162
     0.105684    0.019844
     0.100839    0.019517
     0.096094    0.019181
     0.091450    0.018835
     0.086910    0.018480
     0.082473    0.018116
     0.078141    0.017742
     0.073915    0.017360
     0.069796    0.016970
     0.065784    0.016570
     0.061881    0.016162
     0.058089    0.015746
     0.054406    0.015322
     0.050836    0.014889
     0.047378    0.014449
     0.044034    0.014001
     0.040804    0.013545
     0.037690    0.013082
     0.034693    0.012611
     0.031813    0.012133
     0.029051    0.011648
     0.026409    0.011156
     0.023886    0.010657
     0.021485    0.010152
     0.019206    0.009640
     0.017050    0.009121
     0.015018    0.008596
     0.013111    0.008064
     0.011329    0.007526
     0.009674    0.006982
     0.008146    0.006432
     0.006746    0.005877
     0.005476    0.005315
     0.004336    0.004747
     0.003327    0.004174
     0.002449    0.003594
     0.001704    0.003009
     0.001093    0.002419
     0.000616    0.001823
     0.000274    0.001221
     0.000069    0.000613
     0.000000    0.000000
     0.000069   -0.000613
     0.000274   -0.001221
     0.000616   -0.001823
     0.001093   -0.002419
     0.001704   -0.003009
     0.002449   -0.003594
     0.003327   -0.004174
     0.004336   -0.004747
     0.005476   -0.005315
     0.006746   -0.005877
     0.008146   -0.006432
     0.009674   -0.006982
     0.011329   -0.007526
     0.013111   -0.008064
     0.015018   -0.008596
     0.017050   -0.009121
     0.019206   -0.009640
     0.021485   -0.010152
     0.023886   -0.010657
     0.026409   -0.011156
     0.029051   -0.011648
     0.031813   -0.012133
     0.034693   -0.012611
     0.037690   -0.013082
     0.040804   -0.013545
     0.044034   -0.014001
     0.047378   -0.014449
     0.050836   -0.014889
     0.054406   -0.015322
     0.058089   -0.015746
     0.061881   -0.016162
     0.065784   -0.016570
     0.069796   -0.016970
     0.073915   -0.017360
     0.078141   -0.017742
     0.082473   -0.018116
     0.086910   -0.018480
     0.091450   -0.018835
     0.096094   -0.019181
     0.100839   -0.019517
     0.105684   -0.019844
     0.110630   -0.020162
     0.115674   -0.020469
     0.120815   -0.020767
     0.126053   -0.021055
     0.131387   -0.021333
     0.136815   -0.021601
     0.142336   -0.021859
     0.147949   -0.022106
     0.153654   -0.022343
     0.159448   -0.022569
     0.165331   -0.022785
     0.171302   -0.022991
     0.177360   -0.023186
     0.183503   -0.023370
     0.189731   -0.023543
     0.196042   -0.023706
     0.202435   -0.023858
     0.208908   -0.023999
     0.215461   -0.024129
     0.222093   -0.024248
     0.228802   -0.024357
     0.235588   -0.024455
     0.242448   -0.024542
     0.249381   -0.024618
     0.256387   -0.024683
     0.263464   -0.024737
     0.270611   -0.024781
     0.277827   -0.024814
     0.285110   -0.024837
     0.292459   -0.024848
     0.299872   -0.024850
     0.307349   -0.024841
     0.314888   -0.024821
     0.322488   -0.024791
     0.330147   -0.024751
     0.337864   -0.024701
     0.345638   -0.024640
     0.353467   -0.024570
     0.361349   -0.024490
     0.369284   -0.024400
     0.377270   -0.024300
     0.385305   -0.024191
     0.393388   -0.024072
     0.401518   -0.023945
     0.409693   -0.023808
     0.417911   -0.023662
     0.426171   -0.023507
     0.434471   -0.023343
     0.442810   -0.023171
     0.451186   -0.022991
     0.459598   -0.022802
     0.468043   -0.022605
     0.476521   -0.022400
     0.485030   -0.022187
     0.493567   -0.021967
     0.502131   -0.021739
     0.510721   -0.021503
     0.519334   -0.021261
     0.527969   -0.021011
     0.536624   -0.020755
     0.545297   -0.020492
     0.553986   -0.020222
     0.562689   -0.019946
     0.571405   -0.019664
     0.580132   -0.019376
     0.588866   -0.019082
     0.597607   -0.018782
     0.606352   -0.018477
     0.615100   -0.018166
     0.623847   -0.017851
     0.632592   -0.017530
     0.641333   -0.017205
     0.650067   -0.016875
     0.658792   -0.016541
     0.667506   -0.016202
     0.676206   -0.015859
     0.684889   -0.015513
     0.693554   -0.015162
     0.702198   -0.014808
     0.710817   -0.014451
     0.719410   -0.014091
     0.727973   -0.013728
     0.736505   -0.013362
     0.745001   -0.012993
     0.753458   -0.012622
     0.761875   -0.012249
     0.770247   -0.011874
     0.778572   -0.011497
     0.786845   -0.011119
     0.795065   -0.010739
     0.803226   -0.010359
     0.811326   -0.009977
     0.819360   -0.009596
     0.827325   -0.009213
     0.835217   -0.008831
     0.843030   -0.008450
     0.850762   -0.008068
     0.858407   -0.007688
     0.865961   -0.007309
     0.873418   -0.006932
     0.880773   -0.006556
     0.888021   -0.006183
     0.895156   -0.005813
     0.902171   -0.005446
     0.909061   -0.005082
     0.915817   -0.004723
     0.922433   -0.004369
     0.928901   -0.004019
     0.935212   -0.003676
     0.941357   -0.003340
     0.947326   -0.003010
     0.953107   -0.002689
     0.958688   -0.002377
     0.964056   -0.002075
     0.969195   -0.001784
     0.974086   -0.001505
     0.978711   -0.001240
     0.983043   -0.000990
     0.987052   -0.000758
     0.990701   -0.000545
     0.993938   -0.000356
     0.996688   -0.000195
     0.998825   -0.000069
     1.000000    0.000000
