NACA 23012
     1.000000    0.000000
     0.997658    0.000383
     0.993909    0.000994
     0.989863    0.001650
     0.985511    0.002353
     0.980852    0.003102
     0.975895    0.003895
     0.970659    0.004728
     0.965168    0.005597
     0.959455    0.006496
     0.953552    0.007420
     0.947493    0.008362
     0.941309    0.009317
     0.935025    0.010282
     0.928664    0.011253
     0.922244    0.012226
     0.915780    0.013200
     0.909281    0.014173
     0.902756    0.015144
     0.896212    0.016111
     0.889652    0.017074
     0.883082    0.018032
     0.876502    0.018986
     0.869916    0.019935
     0.863325    0.020878
     0.856729    0.021816
     0.850130    0.022749
     0.843527    0.023676
     0.836923    0.024597
     0.830316    0.025513
     0.823708    0.026423
     0.817098    0.027328
     0.810486    0.028226
     0.803874    0.029119
     0.797260    0.030007
     0.790645    0.030889
     0.784029    0.031765
     0.777413    0.032635
     0.770796    0.033500
     0.764178    0.034359
     0.757560    0.035212
     0.750942    0.036059
     0.744323    0.036900
     0.737704    0.037736
     0.731084    0.038566
     0.724465    0.039390
     0.717845    0.040207
     0.711226    0.041019
     0.704606    0.041825
     0.697987    0.042625
     0.691368    0.043418
     0.684749    0.044206
     0.678131    0.044987
     0.671513    0.045761
     0.664896    0.046529
     0.658280    0.047291
     0.651664    0.048046
     0.645049    0.048795
     0.638435    0.049537
     0.631822    0.050272
     0.625210    0.051000
     0.618600    0.051721
     0.611990    0.052434
     0.605382    0.053141
     0.598775    0.053840
     0.592170    0.054532
     0.585566    0.055216
     0.578964    0.055893
     0.572364    0.056562
     0.565766    0.057222
     0.559169    0.057875
     0.552575    0.058520
     0.545983    0.059156
     0.539393    0.059783
     0.532805    0.060402
     0.526220    0.061012
     0.519638    0.061613
     0.513058    0.062205
     0.506481    0.062787
     0.499907    0.063360
     0.493336    0.063923
     0.486768    0.064477
     0.480203    0.065020
     0.473642    0.065553
     0.467084    0.066075
     0.460530    0.066587
     0.453980    0.067088
     0.447434    0.067577
     0.440892    0.068055
     0.434354    0.068522
     0.427821    0.068976
     0.421292    0.069419
     0.414768    0.069849
     0.408249    0.070266
     0.401735    0.070671
     0.395226    0.071062
     0.388723    0.071440
     0.382226    0.071804
     0.375734    0.072154
     0.369249    0.072490
     0.362770    0.072811
     0.356298    0.073116
     0.349833    0.073407
     0.343376    0.073682
     0.336926    0.073941
     0.330483    0.074183
     0.324050    0.074408
     0.317624    0.074617
     0.311208    0.074808
     0.304801    0.074980
     0.298404    0.075135
     0.292018    0.075270
     0.285643    0.075387
     0.279280    0.075483
     0.272930    0.075560
     0.266593    0.075616
     0.260270    0.075650
     0.253964    0.075663
     0.247675    0.075654
     0.241405    0.075623
     0.235157    0.075568
     0.228933    0.075490
     0.222737    0.075388
     0.216573    0.075261
     0.210446    0.075110
     0.204363    0.074933
     0.198333    0.074732
     0.192365    0.074503
     0.186464    0.074244
     0.180636    0.073952
     0.174882    0.073624
     0.169205    0.073258
     0.163605    0.072851
     0.158082    0.072401
     0.152638    0.071907
     0.147272    0.071368
     0.141984    0.070781
     0.136775    0.070146
     0.131645    0.069462
     0.126595    0.068727
     0.121625    0.067942
     0.116737    0.067106
     0.111933    0.066219
     0.107213    0.065281
     0.102581    0.064294
     0.098038    0.063257
     0.093588    0.062172
     0.089234    0.061042
     0.084980    0.059867
     0.080830    0.058651
     0.076787    0.057397
     0.072856    0.056108
     0.069042    0.054788
     0.065349    0.053441
     0.061780    0.052072
     0.058338    0.050686
     0.055028    0.049287
     0.051850    0.047880
     0.048807    0.046472
     0.045898    0.045065
     0.043123    0.043664
     0.040480    0.042274
     0.037967    0.040898
     0.035582    0.039538
     0.033319    0.038198
     0.031175    0.036879
     0.029146    0.035582
     0.027225    0.034310
     0.025409    0.033062
     0.023691    0.031839
     0.022068    0.030640
     0.020533    0.029467
     0.019082    0.028318
     0.017711    0.027192
     0.016414    0.026089
     0.015188    0.025009
     0.014030    0.023950
     0.012934    0.022912
     0.011899    0.021893
     0.010920    0.020893
     0.009995    0.019911
     0.009122    0.018946
     0.008297    0.017996
     0.007520    0.017062
     0.006787    0.016142
     0.006098    0.015235
     0.005450    0.014341
     0.004843    0.013459
     0.004274    0.012588
     0.003744    0.011728
     0.003250    0.010878
     0.002793    0.010038
     0.002372    0.009207
     0.001986    0.008385
     0.001635    0.007571
     0.001318    0.006765
     0.001036    0.005968
     0.000788    0.005179
     0.000574    0.004399
     0.000394    0.003627
     0.000249    0.002865
     0.000136    0.002111
     0.000058    0.001367
     0.000013    0.000637
     0.000000   -0.000081
     0.000021   -0.000799
     0.000076   -0.001524
     0.000170   -0.002256
     0.000304   -0.002991
     0.000481   -0.003725
     0.000704   -0.004457
     0.000973   -0.005185
     0.001289   -0.005906
     0.001655   -0.006618
     0.002069   -0.007318
     0.002531   -0.008005
     0.003042   -0.008676
     0.003599   -0.009331
     0.004203   -0.009968
     0.004852   -0.010589
     0.005546   -0.011191
     0.006284   -0.011777
     0.007066   -0.012345
     0.007892   -0.012897
     0.008761   -0.013434
     0.009675   -0.013956
     0.010634   -0.014464
     0.011640   -0.014960
     0.012695   -0.015444
     0.013799   -0.015917
     0.014957   -0.016380
     0.016171   -0.016834
     0.017444   -0.017280
     0.018780   -0.017718
     0.020184   -0.018151
     0.021661   -0.018578
     0.023216   -0.019001
     0.024856   -0.019421
     0.026588   -0.019838
     0.028421   -0.020254
     0.030365   -0.020669
     0.032429   -0.021086
     0.034625   -0.021504
     0.036967   -0.021925
     0.039468   -0.022351
     0.042146   -0.022782
     0.045016   -0.023222
     0.048098   -0.023670
     0.051410   -0.024129
     0.054969   -0.024601
     0.058793   -0.025087
     0.062897   -0.025590
     0.067290   -0.026110
     0.071976   -0.026648
     0.076951   -0.027207
     0.082203   -0.027784
     0.087712   -0.028381
     0.093451   -0.028995
     0.099389   -0.029626
     0.105491   -0.030270
     0.111724   -0.030924
     0.118057   -0.031587
     0.124460   -0.032255
     0.130909   -0.032924
     0.137383   -0.033592
     0.143868   -0.034255
     0.150348   -0.034911
     0.156815   -0.035556
     0.163260   -0.036188
     0.169680   -0.036805
     0.176071   -0.037402
     0.182431   -0.037979
     0.188763   -0.038533
     0.195067   -0.039061
     0.201350   -0.039562
     0.207618   -0.040033
     0.213881   -0.040477
     0.220144   -0.040893
     0.226411   -0.041284
     0.232686   -0.041649
     0.238970   -0.041991
     0.245264   -0.042310
     0.251569   -0.042606
     0.257886   -0.042880
     0.264215   -0.043133
     0.270555   -0.043365
     0.276907   -0.043577
     0.283270   -0.043769
     0.289645   -0.043941
     0.296030   -0.044095
     0.302426   -0.044230
     0.308832   -0.044346
     0.315248   -0.044446
     0.321674   -0.044527
     0.328108   -0.044592
     0.334552   -0.044640
     0.341004   -0.044672
     0.347464   -0.044689
     0.353932   -0.044689
     0.360407   -0.044675
     0.366890   -0.044645
     0.373380   -0.044601
     0.379878   -0.044543
     0.386381   -0.044471
     0.392891   -0.044385
     0.399407   -0.044285
     0.405929   -0.044173
     0.412457   -0.044048
     0.418990   -0.043910
     0.425529   -0.043760
     0.432073   -0.043598
     0.438622   -0.043424
     0.445176   -0.043238
     0.451734   -0.043041
     0.458297   -0.042833
     0.464864   -0.042614
     0.471436   -0.042384
     0.478011   -0.042144
     0.484590   -0.041894
     0.491174   -0.041633
     0.497760   -0.041362
     0.504351   -0.041082
     0.510944   -0.040793
     0.517541   -0.040493
     0.524141   -0.040185
     0.530744   -0.039868
     0.537350   -0.039542
     0.543959   -0.039207
     0.550570   -0.038864
     0.557184   -0.038512
     0.563800   -0.038152
     0.570419   -0.037784
     0.577040   -0.037408
     0.583663   -0.037024
     0.590288   -0.036632
     0.596916   -0.036233
     0.603545   -0.035826
     0.610175   -0.035412
     0.616808   -0.034990
     0.623442   -0.034561
     0.630077   -0.034126
     0.636714   -0.033683
     0.643353   -0.033234
     0.649992   -0.032777
     0.656633   -0.032314
     0.663274   -0.031844
     0.669917   -0.031368
     0.676560   -0.030885
     0.683205   -0.030396
     0.689850   -0.029901
     0.696495   -0.029399
     0.703141   -0.028891
     0.709788   -0.028377
     0.716435   -0.027856
     0.723082   -0.027330
     0.729730   -0.026798
     0.736378   -0.026259
     0.743025   -0.025715
     0.749673   -0.025164
     0.756321   -0.024608
     0.762968   -0.024046
     0.769616   -0.023478
     0.776263   -0.022904
     0.782909   -0.022324
     0.789555   -0.021739
     0.796200   -0.021147
     0.802845   -0.020550
     0.809488   -0.019947
     0.816131   -0.019338
     0.822773   -0.018724
     0.829413   -0.018103
     0.836051   -0.017477
     0.842688   -0.016845
     0.849323   -0.016207
     0.855955   -0.015564
     0.862583   -0.014915
     0.869208   -0.014260
     0.875827   -0.013599
     0.882440   -0.012933
     0.889044   -0.012262
     0.895637   -0.011586
     0.902215   -0.010905
     0.908774   -0.010219
     0.915307   -0.009530
     0.921806   -0.008839
     0.928260   -0.008146
     0.934655   -0.007453
     0.940973   -0.006762
     0.947191   -0.006076
     0.953283   -0.005398
     0.959219   -0.004732
     0.964964   -0.004082
     0.970486   -0.003452
     0.975752   -0.002847
     0.980738   -0.002270
     0.985423   -0.001723
     0.989801   -0.001210
     0.993872   -0.000729
     0.997643   -0.000281
     1.000000    0.000000
